-0.9957
-2.1862
-3.4399
-4.7203
-6.0085
-7.2925
-8.5642
-9.8174
-11.0477
-12.2514
-13.4256
-14.5680
-15.6768
-16.7502
-17.7871
-18.7863
-19.7470
-20.6684
-21.5500
-22.3913
-23.1919
-23.9516
-24.6702
-25.3476
-25.9838
-26.5787
-27.1325
-27.6452
-28.1170
-28.5482
-28.9389
-29.2895
-29.6002
-29.8714
-30.1035
-30.2969
-30.4519
-30.5691
-30.6489
-30.6917
-30.6981
-30.6686
-30.6038
-30.5042
-30.3703
-30.2027
-30.0021
-29.7691
-29.5042
-29.2081
-28.8815
-28.5249
-28.1391
-27.7248
-27.2826
-26.8132
-26.3173
-25.7956
-25.2488
-24.6777
-24.0830
-23.4654
-22.8256
-22.1644
-21.4826
-20.7808
-20.0599
-19.3207
-18.5638
-17.7901
-17.0004
-16.1953
-15.3758
-14.5426
-13.6965
-12.8382
-11.9687
-11.0886
-10.1988
-9.3000
-8.3932
-7.4790
-6.5584
-5.6320
-4.7008
-3.7655
-2.8270
-1.8860
-0.9434
-0.0000
0.9434
1.8860
2.8270
3.7655
4.7008
5.6320
6.5584
7.9675
8.9522
9.9391
10.9286
11.9211
12.9172
13.9175
14.9228
15.9338
16.9513
17.9762
19.0092
20.0508
21.1012
22.1602
23.2269
24.2991
25.3736
26.4448
27.5048
28.5418
29.5394
30.4749
31.3173
32.0247
32.5410
32.7916
32.6780
32.0706
30.7994
28.6422
26.3700
24.9351
24.1287
23.7844
23.7713
23.9869
24.3519
24.8050
25.2998
25.8012
26.2833
26.7273
27.1199
27.4521
27.7182
27.9148
28.0403
28.0945
28.0781
27.9926
27.8394
27.6208
27.3386
26.9951
26.5922
26.5787
25.9838
25.3476
24.6702
23.9516
23.1919
22.3913
21.5500
20.6684
19.7470
18.7863
17.7871
16.7502
15.6768
14.5680
13.4256
12.2514
11.0477
9.8174
8.5642
7.2925
6.0085
4.7203
3.4399
2.1862
0.9957
