-0.9957
-2.1862
-3.4399
-4.7203
-6.0085
-7.2925
-8.5642
-9.8174
-11.0477
-12.2514
-13.4256
-14.5680
-15.6768
-16.7502
-17.7871
-18.7863
-19.7470
-20.6684
-21.5500
-22.3913
-23.1919
-23.9516
-24.6702
-25.3476
-25.9838
-26.5787
-27.1325
-27.6452
-28.1170
-28.5482
-28.9389
-29.2895
-29.6002
-29.8714
-30.1035
-30.2969
-30.4519
-30.5691
-30.6489
-30.6917
-30.6981
-30.6686
-30.6038
-30.5042
-30.3703
-30.2027
-30.0021
-29.7691
-29.5042
-29.2081
-28.8815
-28.5249
-28.1391
-27.7248
-27.2826
-26.8132
-26.3173
-25.7956
-25.2488
-24.6777
-24.0830
-23.4654
-22.8256
-22.1644
-21.4826
-20.7808
-20.0599
-19.3207
-18.5638
-17.3663
-16.5196
-15.6507
-14.7593
-13.8455
-12.9091
-11.9499
-10.9674
-9.9614
-8.9313
-7.8766
-6.7966
-5.6905
-4.5577
-3.3972
-2.2083
-0.9901
0.2581
1.5368
2.8466
4.1874
5.5588
6.9599
8.3888
9.8426
11.3171
12.8060
14.3009
15.7904
17.2595
18.6884
20.0517
21.3167
22.4418
23.3745
24.0484
24.3806
24.2673
23.5796
22.1571
19.8013
16.5842
14.1725
12.6619
11.8609
11.6127
11.7891
12.2856
13.0176
13.9170
14.9288
16.0095
17.1245
18.2466
19.3550
20.4334
21.4698
22.4554
23.3836
24.2502
25.0525
25.7888
26.4587
27.0621
27.5997
28.0725
28.4818
28.8288
29.1151
29.3421
29.5113
29.6241
29.6818
29.6858
29.6371
29.5370
29.3863
29.1859
28.9368
28.6395
28.5482
28.1170
27.6452
27.1325
26.5787
25.9838
25.3476
24.6702
23.9516
23.1919
22.3913
21.5500
20.6684
19.7470
18.7863
17.7871
16.7502
15.6768
14.5680
13.4256
12.2514
11.0477
9.8174
8.5642
7.2925
6.0085
4.7203
3.4399
2.1862
0.9957
