0.9848
0.8453
0.6563
0.4323
0.1805
-0.0928
-0.3860
-0.6935
-1.0124
-1.3422
-1.6795
-2.0216
-2.3692
-2.7194
-3.0703
-3.4210
-3.7703
-4.1171
-4.4604
-4.7991
-5.1323
-5.4591
-5.7785
-6.0898
-6.3923
-6.6852
-6.9680
-7.2401
-7.5011
-7.7506
-7.9883
-8.2120
-8.4223
-8.6194
-8.8032
-8.9738
-9.1293
-9.2683
-9.3933
-9.5044
-9.6019
-9.6797
-9.7432
-9.7929
-9.8290
-9.8441
-9.8456
-9.8338
-9.8060
-9.7597
-9.7006
-9.6292
-9.5369
-9.4319
-9.3152
-9.1809
-9.0319
-8.8721
-8.6972
-8.5067
-8.3064
-8.0928
-7.8639
-7.6263
-7.3764
-7.1126
-6.8410
-6.5579
-6.2629
-5.9612
-5.6485
-5.3263
-4.9984
-4.6602
-4.3150
-3.9650
-3.6057
-3.2418
-2.8739
-2.4984
-2.1202
-1.7383
-1.3521
-0.9641
-0.5734
-0.1809
0.2124
0.6068
1.0010
1.3952
1.7878
2.1793
2.5693
2.9557
3.3400
3.7206
4.0964
4.4692
4.8354
5.1964
5.5535
5.9006
6.2426
6.5788
6.9035
7.2226
7.5334
7.8323
8.1247
8.4063
8.6760
8.9381
9.1874
9.4244
9.6532
9.8674
10.0689
10.2614
10.4384
10.6019
10.7556
10.8939
11.0173
11.1302
11.2288
11.3106
11.3813
11.4398
11.4789
11.5065
11.5224
11.5213
11.5057
11.4782
11.4385
11.3802
11.3100
11.2279
11.1333
11.0220
10.8992
10.7648
10.6188
10.4591
10.2873
10.1049
9.9119
9.7086
9.4948
9.2705
9.0373
8.7955
8.5456
8.2881
8.0235
7.7523
7.4751
7.1927
6.9057
6.6148
6.3208
6.0244
5.7264
5.4275
5.1285
4.8300
4.5328
4.2380
3.9476
3.6604
3.3783
3.1029
2.8338
2.5719
2.3198
2.0761
1.8415
1.6140
1.3861
