-0.0376
-0.1771
-0.3660
-0.5900
-0.8419
-1.1151
-1.4084
-1.7158
-2.0347
-2.3645
-2.7018
-3.0439
-3.3915
-3.7417
-4.0927
-4.4433
-4.7926
-5.1394
-5.4827
-5.8214
-6.1546
-6.4814
-6.8008
-7.1121
-7.4146
-7.7075
-7.9903
-8.2624
-8.5235
-8.7730
-9.0107
-9.2344
-9.4446
-9.6417
-9.8255
-9.9961
-10.1517
-10.2906
-10.4156
-10.5268
-10.6242
-10.7021
-10.7655
-10.8152
-10.8514
-10.8664
-10.8679
-10.8562
-10.8284
-10.7820
-10.7230
-10.6515
-10.5593
-10.4542
-10.3375
-10.2033
-10.0543
-9.8944
-9.7195
-9.5291
-9.3288
-9.1151
-8.8863
-8.6486
-8.3987
-8.1349
-7.8633
-7.5802
-7.2852
-6.9835
-6.6708
-6.3486
-6.0207
-5.6825
-5.3373
-4.9874
-4.6280
-4.2641
-3.8962
-3.5207
-3.1425
-2.7606
-2.3744
-1.9864
-1.5957
-1.2032
-0.8099
-0.4156
-0.0213
0.3728
0.7655
1.1570
1.5469
1.9334
2.3177
2.6983
3.0740
3.4469
3.8131
4.1740
4.5312
4.8783
5.2203
5.5565
5.8812
6.2003
6.5111
6.8100
7.1024
7.3840
7.6536
7.9158
8.1651
8.4021
8.6309
8.8450
9.0466
9.2390
9.4160
9.5796
9.7333
9.8715
9.9950
10.1079
10.2065
10.2883
10.3589
10.4175
10.4566
10.4842
10.5001
10.4990
10.4834
10.4558
10.4161
10.3578
10.2877
10.2055
10.1110
9.9997
9.8769
9.7425
9.5964
9.4368
9.2650
9.0826
8.8896
8.6863
8.4725
8.2482
8.0149
7.7732
7.5233
7.2658
7.0011
6.7299
6.4528
6.1704
5.8834
5.5925
5.2985
5.0021
4.7041
4.4052
4.1062
3.8077
3.5105
3.2156
2.9253
2.6381
2.3560
2.0806
1.8114
1.5496
1.2975
1.0537
0.8192
0.5916
0.3638
