   2.7639431602756250     
   3.0945789230014942     
   3.2957228538891261     
   3.3904325733286536     
   3.4744428955570710     
   3.5962884416182934     
   3.3317800569708567     
   3.6635782776801915     
   2.7065188183759523     
  0.83602468018925058     
   1.1328809516409066     
   1.8931249037931490     
  0.41730631917020666     
   1.6085527075158028     
  -4.1617025864799748E-002
   1.4301928975966105     
  0.90365031413145436     
  0.62063024272837064     
   4.5401336247940294E-002
 -0.24380670171662552     
  0.83905744167907259     
 -0.33680243247943148     
  0.12085977605135381     
  0.77176700263496312     
  -2.1195092332249272E-002
   8.4600680855375462E-002
  0.58728185467544591     
  -6.8712882471526113E-002
 -0.61731906769656375     
 -0.51484708787802913     
  -1.2386475323605319     
 -0.85430297154713242     
 -0.83481516807002587     
  -1.3949246630884093     
   1.1776897866813683     
 -0.34183220584721236     
 -0.71715053095627201     
 -0.56689744105464401     
 -0.40083587345091448     
  0.50955831369791282     
 -0.11807156676024236     
 -0.41610235033046433     
 -0.52239560133583929     
 -0.63516253238188425     
  -4.9698141946482019E-002
 -0.33742153934629648     
 -0.32925155666745787     
  0.17139593091812139     
 -0.88611143008531967     
  0.74126155863726784     
  0.28043342362446289     
 -0.12746354904973012     
 -0.13597930952570347     
  0.32080175979032938     
   1.5162362857282303     
  0.65702464349012202     
  0.61865590555422123     
  0.61976906538858245     
 -0.45782758745860314     
 -0.47671206685862239     
   1.3908961671086524     
  0.49104877239282835     
  0.74214467572297815     
  0.34292955617748028     
  -1.2596769834021517     
  -2.1581311218350820     
   5.4166717857321895     
   2.8652686348355201     
  0.83726689211577965     
  0.17511591104373983     
 -0.31579735734206738     
  -4.3091003968075539E-002
 -0.57829179073476511     
   5.0281857306326672E-002
 -0.52689296733636426     
 -0.16486562999280807     
  0.29180077585741776     
  0.43006380872432937     
 -0.21294697552864961     
 -0.37790328007250018     
  0.20777242268791715     
 -0.29373478441365569     
  0.11173364753923332     
  0.29605490961180608     
  -1.7943738817796770     
 -0.20869092111517126     
 -0.21568601771920343     
  0.20151688584989222     
  0.42491128966551528     
 -0.59672535040182706     
  0.93913675345642422     
 -0.65714335080196984     
  -5.6176839950361164E-002
 -0.56347575088807467     
 -0.53656093624968515     
 -0.54785714236607963     
  0.86768580544071294     
  0.40339031298874373     
 -0.27487567245969252     
  0.38748847623385824     
  0.34331292106829747     
  0.41877802842316547     
  0.82781230883153401     
   1.9282300753453496E-002
 -0.16742425569595409     
  0.82787612415006140     
 -0.30186320770904956     
  0.39375461528038669     
   1.1751053679136128     
 -0.55159051973969853     
  0.75155887747328998     
  0.32197177773138819     
  -2.3119043379229698     
 -0.18636277864069778     
  0.49155201516825353     
  0.27796660900884657     
 -0.83216543373200069     
  0.16289399528161794     
 -0.38484118494777952     
  -3.4605469243341442     
  -4.0565989927773050     
  -1.8509968115953643     
 -0.88522249421262655     
  -1.2642862320119279     
  -6.1506894161922364E-002
  -7.9406946788297440E-003
  -1.2238960534180006     
 -0.70500730533997569     
  0.48060741569235527     
 -0.44811267926986192     
  0.76752387699739544     
  0.34208316313509451     
  0.79389273496926038     
 -0.28648800907004085     
 -0.33060437686112831     
  0.50709734435065590     
  -1.1631515071133958     
 -0.37246095417513270     
 -0.83685521710291622     
 -0.64675129753355565     
 -0.27789371077598335     
  -5.1552514498307042E-002
  0.23430459307760892     
  0.42228153807472818     
   1.9429655049411240E-002
  0.52702932727139751     
  0.66209235258596943     
   1.0414650714832334     
   1.8993332526763309     
 -0.43338597117319327     
 -0.21334830786307094     
 -0.26896811936776988     
  0.69322153165290978     
  0.54449652124137815     
  0.54675874010293646     
  0.33175635226215644     
 -0.42824119885058320     
   1.1280369715514398     
  0.18435178103858568     
  0.48821518884576609     
 -0.18578810552863104     
  0.19067007822284032     
 -0.10804829606943471     
 -0.77356688820616493     
  -1.0213620912203425     
 -0.79048640509770474     
  0.12735488897705921     
  -1.9255474124750209     
  -2.4484805311480864     
  -1.4051207950392985     
  -2.1541606260373647     
  -2.2705265041422802     
  -2.9793622699279245     
  -1.6225957012575678     
  -2.1937283064974475     
  -2.2124202650546470     
  -2.6244193311007082     
  -2.8418965355214101     
  -3.0782718725484757     
  -3.3239388555874458     
